initial: 6
0.71843 0.00258 0.09150 0.18748 0.00000 0.00000

transition: 6
0.29580 0.00887 0.50558 0.00051 0.00000 0.18925
0.19923 0.20159 0.59884 0.00002 0.00033 0.00001
0.00278 0.49659 0.20052 0.30007 0.00000 0.00004
0.00005 0.20207 0.00036 0.59756 0.00000 0.19996
0.10739 0.00000 0.00000 0.00000 0.50057 0.39204
0.00029 0.39462 0.00000 0.00000 0.30416 0.30093

observation: 6
0.69575 0.49798 0.30219 0.10014 0.00009 0.09748
0.00135 0.00079 0.39862 0.09933 0.10275 0.09740
0.30290 0.00019 0.20038 0.19618 0.09776 0.30225
0.00000 0.50103 0.09870 0.00000 0.00121 0.40377
0.00000 0.00000 0.00011 0.60436 0.00291 0.09910
0.00000 0.00000 0.00000 0.00000 0.79528 0.00000
